0.1	-17.61	18.785	-52.684	-176.11	187.87	-1.4	9.1157	0.10531	1	0	0.01224	0	0.019227	0	0	0	0	0	0	0	0	0	0.01224	0	0.019227	0	0	0
0.2	-17.61	18.785	-52.684	0	0	0	3.9651	0.11119	0.99992	0.012499	0.036569	0.00015298	0.057291	3.7454e-06	0	5.8833e-06	3.7454e-05	0	5.8833e-05	0	0	0	0.024329	0.00015298	0.038065	3.7454e-05	0	5.8833e-05
0.3	-17.61	18.785	-52.684	0	0	0	3.9637	0.11147	0.99969	0.02499	0.072687	0.00060997	0.11358	1.4934e-05	4.6813e-08	2.3413e-05	0.00011189	4.6813e-07	0.00017529	0	0	0	0.036118	0.00045698	0.056284	0.00011189	4.6813e-07	0.00017529
0.4	-17.61	18.785	-52.684	0	0	0	3.9624	0.11175	0.9993	0.037465	0.12015	0.0015181	0.18724	3.7171e-05	2.3345e-07	5.8158e-05	0.00022237	1.8664e-06	0.00034745	0	0	0	0.04746	0.00090809	0.073662	0.00022237	1.8664e-06	0.00034745
0.5	-17.61	18.785	-52.684	0	0	0	3.961	0.11202	0.99875	0.049917	0.17836	0.0030185	0.27722	7.3919e-05	6.9789e-07	0.00011543	0.00036748	4.6444e-06	0.00057268	0	0	0	0.058214	0.0015005	0.089985	0.00036748	4.6444e-06	0.00057268
0.6	-17.61	18.785	-52.684	0	0	0	3.9596	0.11228	0.99805	0.062337	0.24661	0.0052451	0.38228	0.00012846	1.6213e-06	0.00020019	0.00054538	9.2338e-06	0.00084768	0	0	0	0.068247	0.0022265	0.10506	0.00054538	9.2338e-06	0.00084768
0.7	-17.61	18.785	-52.684	0	0	0	3.9582	0.11254	0.99719	0.074719	0.32404	0.008322	0.50097	0.00020384	3.2255e-06	0.00031705	0.00075383	1.6042e-05	0.0011685	0	0	0	0.077434	0.0030769	0.11869	0.00075383	1.6042e-05	0.0011685
0.8	-17.61	18.785	-52.684	0	0	0	3.9568	0.1128	0.99617	0.087054	0.4097	0.012363	0.63168	0.00030285	5.7702e-06	0.00047012	0.00099015	2.5448e-05	0.0015308	0	0	0	0.085661	0.0040406	0.13072	0.00099015	2.5448e-05	0.0015308
0.9	-17.61	18.785	-52.684	0	0	0	3.9553	0.11305	0.995	0.099335	0.50253	0.017468	0.77267	0.00042799	9.5496e-06	0.00066305	0.0012513	3.7794e-05	0.0019293	0	0	0	0.092825	0.0051051	0.14099	0.0012513	3.7794e-05	0.0019293
1	-17.61	18.785	-52.684	0	0	0	3.9539	0.1133	0.99368	0.11155	0.60136	0.023724	0.92206	0.0005814	1.4888e-05	0.00089892	0.0015341	5.3387e-05	0.0023587	0	0	0	0.098836	0.0062567	0.14939	0.0015341	5.3387e-05	0.0023587
1.1	-17.61	18.785	-52.684	0	0	0	3.9524	0.11354	0.9922	0.1237	0.70498	0.031205	1.0779	0.00076487	2.2137e-05	0.0011802	0.0018347	7.2487e-05	0.0028131	0	0	0	0.10362	0.0074805	0.15581	0.0018347	7.2487e-05	0.0028131
1.2	-17.61	18.785	-52.684	0	0	0	3.951	0.11378	0.99056	0.13577	0.8121	0.039965	1.2381	0.00097982	3.1668e-05	0.0015089	0.0021495	9.5309e-05	0.0032863	0	0	0	0.10712	0.0087604	0.16018	0.0021495	9.5309e-05	0.0032863
1.3	-17.61	18.785	-52.684	0	0	0	3.9495	0.11401	0.98877	0.14776	0.92138	0.050045	1.4005	0.0012272	4.387e-05	0.001886	0.0024743	0.00012202	0.0037718	0	0	0	0.10928	0.01008	0.16244	0.0024743	0.00012202	0.0037718
1.4	-17.61	18.785	-52.684	0	0	0	3.9481	0.11424	0.98683	0.15965	1.0315	0.061467	1.5631	0.0015077	5.9143e-05	0.0023124	0.0028049	0.00015273	0.0042631	0	0	0	0.11008	0.011421	0.16256	0.0028049	0.00015273	0.0042631
1.5	-17.61	18.785	-52.684	0	0	0	3.9466	0.11446	0.98473	0.17145	1.141	0.074234	1.7236	0.0018214	7.7892e-05	0.0027877	0.0031371	0.0001875	0.0047535	0	0	0	0.10951	0.012768	0.16054	0.0031371	0.0001875	0.0047535
1.6	-17.61	18.785	-52.684	0	0	0	3.9451	0.11467	0.98247	0.18314	1.2485	0.088335	1.88	0.0021681	0.00010053	0.0033113	0.0034666	0.00022633	0.0052362	0	0	0	0.10757	0.014101	0.15642	0.0034666	0.00022633	0.0052362
1.7	-17.61	18.785	-52.684	0	0	0	3.9436	0.11488	0.98007	0.19471	1.3528	0.10374	2.0303	0.002547	0.00012744	0.0038818	0.0037892	0.00026917	0.0057047	0	0	0	0.10428	0.015403	0.15023	0.0037892	0.00026917	0.0057047
1.8	-17.61	18.785	-52.684	0	0	0	3.9422	0.11508	0.97751	0.20616	1.4525	0.12039	2.1723	0.0029571	0.00015903	0.004497	0.0041005	0.00031591	0.0061525	0	0	0	0.099688	0.016656	0.14206	0.0041005	0.00031591	0.0061525
1.9	-17.61	18.785	-52.684	0	0	0	3.9407	0.11527	0.97479	0.21748	1.5463	0.13824	2.3043	0.0033967	0.00019567	0.0051544	0.0043965	0.00036639	0.0065735	0	0	0	0.093841	0.017845	0.13202	0.0043965	0.00036639	0.0065735
2	-17.61	18.785	-52.684	0	0	0	3.9392	0.11546	0.97193	0.22867	1.6332	0.15719	2.4245	0.003864	0.00023771	0.0058506	0.0046732	0.0004204	0.0069617	0	0	0	0.08681	0.018951	0.12021	0.0046732	0.0004204	0.0069617
2.1	-17.61	18.785	-52.684	0	0	0	3.9377	0.11564	0.96891	0.23971	1.7118	0.17715	2.5313	0.0043567	0.00028548	0.0065817	0.004927	0.00047766	0.0073116	0	0	0	0.07868	0.019962	0.10679	0.004927	0.00047766	0.0073116
2.2	-17.61	18.785	-52.684	0	0	0	3.9362	0.11582	0.96574	0.25061	1.7814	0.19801	2.6233	0.0048722	0.00033926	0.0073435	0.0051545	0.00053787	0.0076183	0	0	0	0.069547	0.020861	0.091925	0.0051545	0.00053787	0.0076183
2.3	-17.61	18.785	-52.684	0	0	0	3.9347	0.11599	0.96243	0.26134	1.8409	0.21965	2.6991	0.0054074	0.00039933	0.0081313	0.0053524	0.00060067	0.0078771	0	0	0	0.059523	0.021636	0.075798	0.0053524	0.00060067	0.0078771
2.4	-17.61	18.785	-52.684	0	0	0	3.9333	0.11615	0.95896	0.27192	1.8896	0.24192	2.7577	0.0059592	0.0004659	0.0089397	0.005518	0.00066565	0.0080841	0	0	0	0.048728	0.022276	0.058606	0.005518	0.00066565	0.0080841
2.5	-17.61	18.785	-52.684	0	0	0	3.9318	0.1163	0.95534	0.28232	1.9269	0.26469	2.7982	0.0065241	0.00053914	0.0097633	0.0056488	0.00073239	0.0082361	0	0	0	0.037293	0.02277	0.040562	0.0056488	0.00073239	0.0082361
2.6	-17.61	18.785	-52.684	0	0	0	3.9303	0.11644	0.95157	0.29255	1.9523	0.2878	2.8201	0.0070984	0.00061918	0.010596	0.005743	0.00080041	0.0083304	0	0	0	0.025354	0.023111	0.021887	0.005743	0.00080041	0.0083304
2.7	-17.61	18.785	-52.684	0	0	0	3.9288	0.11658	0.94765	0.30259	1.9653	0.3111	2.8229	0.0076783	0.0007061	0.011433	0.0057989	0.00086924	0.0083649	0	0	0	0.013058	0.023292	0.0028125	0.0057989	0.00086924	0.0083649
2.8	-17.61	18.785	-52.684	0	0	0	3.9274	0.11671	0.94359	0.31245	1.9659	0.33441	2.8065	0.0082598	0.00079994	0.012267	0.0058153	0.00093835	0.0083385	0	0	0	0.00055157	0.023309	-0.016427	0.0058153	0.00093835	0.0083385
2.9	-17.61	18.785	-52.684	0	0	0	3.9259	0.11684	0.93937	0.32211	1.9539	0.35756	2.7709	0.008839	0.00090066	0.013092	0.0057917	0.0010072	0.0082507	0	0	0	-0.012013	0.023158	-0.035596	0.0057917	0.0010072	0.0082507
3	-17.61	18.785	-52.684	0	0	0	3.9244	0.11695	0.93501	0.33157	1.9294	0.3804	2.7164	0.0094118	0.0010082	0.013902	0.0057279	0.0010753	0.0081017	0	0	0	-0.024484	0.02284	-0.054456	0.0057279	0.0010753	0.0081017
3.1	-17.61	18.785	-52.684	0	0	0	3.923	0.11706	0.93051	0.34082	1.8927	0.40276	2.6437	0.0099742	0.0011224	0.014691	0.0056242	0.0011421	0.0078926	0	0	0	-0.03671	0.022355	-0.072776	0.0056242	0.0011421	0.0078926
3.2	-17.61	18.785	-52.684	0	0	0	3.9216	0.11716	0.92586	0.34986	1.8441	0.42447	2.5533	0.010522	0.0012431	0.015454	0.0054813	0.0012071	0.0076249	0	0	0	-0.048544	0.021708	-0.09033	0.0054813	0.0012071	0.0076249
3.3	-17.61	18.785	-52.684	0	0	0	3.9201	0.11725	0.92106	0.35868	1.7843	0.44537	2.4464	0.011052	0.0013701	0.016184	0.0053006	0.0012697	0.0073012	0	0	0	-0.059842	0.020903	-0.1069	0.0053006	0.0012697	0.0073012
3.4	-17.61	18.785	-52.684	0	0	0	3.9187	0.11733	0.91612	0.36727	1.7138	0.46532	2.3241	0.011561	0.001503	0.016876	0.0050837	0.0013295	0.0069246	0	0	0	-0.070469	0.019947	-0.12229	0.0050837	0.0013295	0.0069246
3.5	-17.61	18.785	-52.684	0	0	0	3.9173	0.1174	0.91104	0.37564	1.6335	0.48417	2.1879	0.012044	0.0016416	0.017526	0.0048327	0.0013859	0.0064987	0	0	0	-0.080295	0.018849	-0.13629	0.0048327	0.0013859	0.0064987
3.6	-17.61	18.785	-52.684	0	0	0	3.9159	0.11747	0.90581	0.38377	1.5443	0.50179	2.0391	0.012499	0.0017855	0.018129	0.0045501	0.0014386	0.006028	0	0	0	-0.089202	0.01762	-0.14875	0.0045501	0.0014386	0.006028
3.7	-17.61	18.785	-52.684	0	0	0	3.9145	0.11753	0.90045	0.39166	1.4472	0.51806	1.8796	0.012923	0.0019342	0.018681	0.0042389	0.0014871	0.0055174	0	0	0	-0.097083	0.016272	-0.15951	0.0042389	0.0014871	0.0055174
3.8	-17.61	18.785	-52.684	0	0	0	3.9131	0.11757	0.89494	0.39931	1.3434	0.53288	1.7112	0.013313	0.0020873	0.019178	0.0039023	0.0015309	0.0049721	0	0	0	-0.10384	0.014819	-0.16842	0.0039023	0.0015309	0.0049721
3.9	-17.61	18.785	-52.684	0	0	0	3.9117	0.11761	0.88929	0.40671	1.234	0.54615	1.5358	0.013668	0.0022443	0.019618	0.0035438	0.0015699	0.0043981	0	0	0	-0.1094	0.013275	-0.17539	0.0035438	0.0015699	0.0043981
4	-17.61	18.785	-52.684	0	0	0	3.9103	0.11764	0.88351	0.41385	1.1203	0.55781	1.3555	0.013984	0.0024046	0.019998	0.0031672	0.0016036	0.0038014	0	0	0	-0.11369	0.011655	-0.18032	0.0031672	0.0016036	0.0038014
4.1	-17.61	18.785	-52.684	0	0	0	3.909	0.11767	0.87758	0.42074	1.0036	0.56778	1.1723	0.014262	0.0025678	0.020317	0.0027765	0.0016319	0.0031884	0	0	0	-0.11666	0.0099775	-0.18316	0.0027765	0.0016319	0.0031884
4.2	-17.61	18.785	-52.684	0	0	0	3.9076	0.11768	0.87152	0.42736	0.88536	0.57604	0.98843	0.014499	0.0027333	0.020573	0.0023759	0.0016546	0.0025657	0	0	0	-0.11828	0.0082587	-0.18386	0.0023759	0.0016546	0.0025657
4.3	-17.61	18.785	-52.684	0	0	0	3.9063	0.11768	0.86532	0.43371	0.76684	0.58256	0.80601	0.014696	0.0029005	0.020767	0.0019696	0.0016715	0.0019402	0	0	0	-0.11853	0.0065166	-0.18242	0.0019696	0.0016715	0.0019402
4.4	-17.61	18.785	-52.684	0	0	0	3.905	0.11768	0.85899	0.43979	0.64944	0.58733	0.62716	0.014853	0.0030687	0.020899	0.0015619	0.0016826	0.0013184	0	0	0	-0.1174	0.0047691	-0.17885	0.0015619	0.0016826	0.0013184
4.5	-17.61	18.785	-52.684	0	0	0	3.9037	0.11766	0.85252	0.4456	0.53453	0.59036	0.45396	0.014968	0.0032375	0.02097	0.0011572	0.0016878	0.00070715	0	0	0	-0.11491	0.0030344	-0.1732	0.0011572	0.0016878	0.00070715
4.6	-17.61	18.785	-52.684	0	0	0	3.9024	0.11764	0.84592	0.45113	0.42343	0.59169	0.28843	0.015044	0.0034062	0.020981	0.00075978	0.0016872	0.000113	0	0	0	-0.1111	0.0013302	-0.16552	0.00075978	0.0016872	0.000113
4.7	-17.61	18.785	-52.684	0	0	0	3.9011	0.11761	0.83919	0.45638	0.31742	0.59137	0.13251	0.015082	0.0035743	0.020935	0.00037378	0.0016808	-0.00045771	0	0	0	-0.10601	-0.00032596	-0.15593	0.00037378	0.0016808	-0.00045771
4.8	-17.61	18.785	-52.684	0	0	0	3.8998	0.11756	0.83233	0.46134	0.21771	0.58945	-0.012006	0.015082	0.0037412	0.020835	3.2394e-06	0.0016689	-0.0009989	0	0	0	-0.099709	-0.0019174	-0.14452	3.2394e-06	0.0016689	-0.0009989
4.9	-17.61	18.785	-52.684	0	0	0	3.8986	0.11751	0.82534	0.46602	0.12544	0.58602	-0.14344	0.015047	0.0039063	0.020685	-0.00034802	0.0016516	-0.0015049	0	0	0	-0.092271	-0.0034282	-0.13143	-0.00034802	0.0016516	-0.0015049
5	-17.61	18.785	-52.684	0	0	0	3.8974	0.11745	0.81821	0.4704	0.041648	0.58118	-0.26028	0.01498	0.0040693	0.020488	-0.00067641	0.0016291	-0.0019704	0	0	0	-0.083792	-0.0048434	-0.11684	-0.00067641	0.0016291	-0.0019704
5.1	-17.61	18.785	-52.684	0	0	0	3.8962	0.11738	0.81096	0.47449	-0.032727	0.57503	-0.36118	0.014882	0.0042294	0.020249	-0.00097865	0.0016019	-0.0023906	0	0	0	-0.074375	-0.0061492	-0.10091	-0.00097865	0.0016019	-0.0023906
5.2	-17.61	18.785	-52.684	0	0	0	3.895	0.1173	0.80359	0.47829	-0.096866	0.5677	-0.44501	0.014757	0.0043865	0.019973	-0.0012518	0.0015701	-0.0027613	0	0	0	-0.064139	-0.0073334	-0.083829	-0.0012518	0.0015701	-0.0027613
5.3	-17.61	18.785	-52.684	0	0	0	3.8938	0.11721	0.79608	0.48178	-0.15008	0.55931	-0.51083	0.014607	0.0045399	0.019665	-0.0014932	0.0015342	-0.0030789	0	0	0	-0.053209	-0.008385	-0.065817	-0.0014932	0.0015342	-0.0030789
5.4	-17.61	18.785	-52.684	0	0	0	3.8927	0.11711	0.78846	0.48497	-0.1918	0.55002	-0.55792	0.014437	0.0046893	0.019331	-0.0017007	0.0014947	-0.0033405	0	0	0	-0.041721	-0.0092949	-0.047087	-0.0017007	0.0014947	-0.0033405
5.5	-17.61	18.785	-52.684	0	0	0	3.8915	0.11699	0.78071	0.48786	-0.22161	0.53996	-0.58578	0.01425	0.0048345	0.018976	-0.0018726	0.0014519	-0.0035438	0	0	0	-0.029818	-0.010056	-0.027868	-0.0018726	0.0014519	-0.0035438
5.6	-17.61	18.785	-52.684	0	0	0	3.8904	0.11687	0.77284	0.49045	-0.23926	0.5293	-0.59418	0.014049	0.0049752	0.018608	-0.0020074	0.0014063	-0.0036871	0	0	0	-0.017646	-0.010662	-0.0083933	-0.0020074	0.0014063	-0.0036871
5.7	-17.61	18.785	-52.684	0	0	0	3.8893	0.11674	0.76484	0.49272	-0.24462	0.51819	-0.58308	0.013839	0.005111	0.018231	-0.0021044	0.0013585	-0.0037697	0	0	0	-0.0053557	-0.011109	0.011101	-0.0021044	0.0013585	-0.0037697
5.8	-17.61	18.785	-52.684	0	0	0	3.8882	0.1166	0.75673	0.4947	-0.23772	0.50679	-0.5527	0.013622	0.0052419	0.017852	-0.0021631	0.0013088	-0.0037915	0	0	0	0.0069008	-0.011397	0.030378	-0.0021631	0.0013088	-0.0037915
5.9	-17.61	18.785	-52.684	0	0	0	3.8872	0.11645	0.7485	0.49636	-0.21874	0.49527	-0.5035	0.013404	0.0053677	0.017476	-0.0021837	0.0012579	-0.0037532	0	0	0	0.018972	-0.011525	0.049202	-0.0021837	0.0012579	-0.0037532
6	-17.61	18.785	-52.684	0	0	0	3.8861	0.11629	0.74015	0.49771	-0.18803	0.48377	-0.43615	0.013187	0.0054883	0.017111	-0.0021667	0.0012062	-0.0036561	0	0	0	0.030709	-0.011495	0.067345	-0.0021667	0.0012062	-0.0036561
6.1	-17.61	18.785	-52.684	0	0	0	3.8851	0.11612	0.73169	0.49875	-0.14607	0.47246	-0.35156	0.012976	0.0056037	0.01676	-0.002113	0.0011543	-0.0035024	0	0	0	0.041966	-0.011312	0.084587	-0.002113	0.0011543	-0.0035024
6.2	-17.61	18.785	-52.684	0	0	0	3.8841	0.11594	0.72311	0.49948	-0.093463	0.46148	-0.25085	0.012774	0.005714	0.016431	-0.0020243	0.0011025	-0.0032949	0	0	0	0.052605	-0.010981	0.10072	-0.0020243	0.0011025	-0.0032949
6.3	-17.61	18.785	-52.684	0	0	0	3.8832	0.11575	0.71442	0.49989	-0.030969	0.45097	-0.1353	0.012583	0.0058191	0.016127	-0.0019025	0.0010514	-0.0030369	0	0	0	0.062494	-0.010511	0.11554	-0.0019025	0.0010514	-0.0030369
6.4	-17.61	18.785	-52.684	0	0	0	3.8822	0.11555	0.70562	0.5	0.04054	0.44106	-0.0064246	0.012408	0.0059193	0.015854	-0.0017497	0.0010015	-0.0027327	0	0	0	0.071509	-0.0099106	0.12888	-0.0017497	0.0010015	-0.0027327
6.5	-17.61	18.785	-52.684	0	0	0	3.8813	0.11534	0.69671	0.49979	0.12008	0.43187	0.13414	0.012252	0.0060146	0.015615	-0.0015689	0.00095302	-0.0023869	0	0	0	0.079541	-0.0091918	0.14057	-0.0015689	0.00095302	-0.0023869
6.6	-17.61	18.785	-52.684	0	0	0	3.8804	0.11511	0.68769	0.49927	0.20657	0.4235	0.28461	0.012115	0.0061052	0.015415	-0.001363	0.00090648	-0.0020045	0	0	0	0.086488	-0.0083668	0.15047	-0.001363	0.00090648	-0.0020045
6.7	-17.61	18.785	-52.684	0	0	0	3.8795	0.11488	0.67856	0.49843	0.29884	0.41605	0.44306	0.012002	0.0061915	0.015256	-0.0011354	0.0008622	-0.0015913	0	0	0	0.092266	-0.0074497	0.15845	-0.0011354	0.0008622	-0.0015913
6.8	-17.61	18.785	-52.684	0	0	0	3.8786	0.11464	0.66932	0.49729	0.39564	0.4096	0.6075	0.011913	0.0062735	0.01514	-0.00088978	0.00082046	-0.0011531	0	0	0	0.0968	-0.0064553	0.16444	-0.00088978	0.00082046	-0.0011531
6.9	-17.61	18.785	-52.684	0	0	0	3.8778	0.11439	0.65998	0.49583	0.49567	0.4042	0.77584	0.01185	0.0063516	0.015071	-0.00063003	0.00078151	-0.00069623	0	0	0	0.10004	-0.0053998	0.16834	-0.00063003	0.00078151	-0.00069623
7	-17.61	18.785	-52.684	0	0	0	3.877	0.11413	0.65054	0.49407	0.5976	0.3999	0.94596	0.011814	0.0064262	0.015048	-0.00036018	0.00074555	-0.00022722	0	0	0	0.10193	-0.0042997	0.17012	-0.00036018	0.00074555	-0.00022722
7.1	-17.61	18.785	-52.684	0	0	0	3.8762	0.11386	0.641	0.49199	0.70007	0.39672	1.1157	0.011805	0.0064975	0.015073	-8.4415e-05	0.00071273	0.0002473	0	0	0	0.10246	-0.0031725	0.16976	-8.4415e-05	0.00071273	0.0002473
7.2	-17.61	18.785	-52.684	0	0	0	3.8754	0.11358	0.63135	0.48961	0.80169	0.39469	1.283	0.011825	0.0065658	0.015145	0.000193	0.00068314	0.00072064	0	0	0	0.10162	-0.0020355	0.16725	0.000193	0.00068314	0.00072064
7.3	-17.61	18.785	-52.684	0	0	0	3.8747	0.11329	0.62161	0.48692	0.90111	0.39378	1.4456	0.011871	0.0066315	0.015263	0.00046778	0.00065682	0.0011861	0	0	0	0.099418	-0.00090655	0.16264	0.00046778	0.00065682	0.0011861
7.4	-17.61	18.785	-52.684	0	0	0	3.874	0.11299	0.61177	0.48393	0.99698	0.39398	1.6016	0.011945	0.0066948	0.015427	0.00073567	0.00063375	0.0016371	0	0	0	0.095876	0.0001969	0.15598	0.00073567	0.00063375	0.0016371
7.5	-17.61	18.785	-52.684	0	0	0	3.8733	0.11268	0.60184	0.48064	1.088	0.39524	1.749	0.012044	0.0067562	0.015634	0.0009925	0.00061387	0.0020672	0	0	0	0.091039	0.0012576	0.14736	0.0009925	0.00061387	0.0020672
7.6	-17.61	18.785	-52.684	0	0	0	3.8726	0.11236	0.59181	0.47704	1.173	0.39749	1.8858	0.012168	0.0068159	0.015881	0.0012342	0.00059704	0.0024702	0	0	0	0.084966	0.0022589	0.13687	0.0012342	0.00059704	0.0024702
7.7	-17.61	18.785	-52.684	0	0	0	3.8719	0.11203	0.58168	0.47315	1.2507	0.40068	2.0105	0.012313	0.0068742	0.016165	0.001457	0.0005831	0.0028405	0	0	0	0.077728	0.003185	0.12466	0.001457	0.0005831	0.0028405
7.8	-17.61	18.785	-52.684	0	0	0	3.8713	0.11169	0.57147	0.46896	1.3201	0.4047	2.1213	0.012479	0.0069314	0.016482	0.0016572	0.00057181	0.0031725	0	0	0	0.069414	0.0040207	0.11087	0.0016572	0.00057181	0.0031725
7.9	-17.61	18.785	-52.684	0	0	0	3.8707	0.11134	0.56117	0.46448	1.3803	0.40945	2.217	0.012662	0.0069877	0.016828	0.0018314	0.0005629	0.0034613	0	0	0	0.060125	0.0047524	0.095664	0.0018314	0.0005629	0.0034613
8	-17.61	18.785	-52.684	0	0	0	3.8701	0.11099	0.55078	0.45971	1.4302	0.41482	2.2963	0.01286	0.0070433	0.017199	0.0019766	0.00055606	0.0037025	0	0	0	0.049972	0.0053676	0.079241	0.0019766	0.00055606	0.0037025
8.1	-17.61	18.785	-52.684	0	0	0	3.8695	0.11062	0.5403	0.45465	1.4693	0.42068	2.3581	0.013069	0.0070984	0.017588	0.0020902	0.00055093	0.0038924	0	0	0	0.039079	0.0058551	0.061799	0.0020902	0.00055093	0.0038924
8.2	-17.61	18.785	-52.684	0	0	0	3.869	0.11025	0.52974	0.44931	1.4969	0.42688	2.4016	0.013286	0.0071531	0.017991	0.0021698	0.00054713	0.0040276	0	0	0	0.027579	0.0062055	0.043553	0.0021698	0.00054713	0.0040276
8.3	-17.61	18.785	-52.684	0	0	0	3.8685	0.10987	0.5191	0.44368	1.5125	0.43329	2.4263	0.013507	0.0072076	0.018401	0.0022135	0.00054423	0.0041059	0	0	0	0.015611	0.0064111	0.024728	0.0022135	0.00054423	0.0041059
8.4	-17.61	18.785	-52.684	0	0	0	3.868	0.10948	0.50838	0.43778	1.5158	0.43976	2.4319	0.013729	0.0072617	0.018814	0.0022199	0.00054179	0.0041252	0	0	0	0.0033205	0.0064661	0.0055542	0.0022199	0.00054179	0.0041252
8.5	-17.61	18.785	-52.684	0	0	0	3.8675	0.10908	0.49757	0.4316	1.5067	0.44612	2.4182	0.013948	0.0073157	0.019222	0.0021881	0.00053936	0.0040847	0	0	0	-0.0091428	0.0063663	-0.013731	0.0021881	0.00053936	0.0040847
8.6	-17.61	18.785	-52.684	0	0	0	3.867	0.10867	0.48669	0.42516	1.485	0.45223	2.3853	0.01416	0.0073693	0.01962	0.0021174	0.00053645	0.0039838	0	0	0	-0.021627	0.0061097	-0.032892	0.0021174	0.00053645	0.0039838
8.7	-17.61	18.785	-52.684	0	0	0	3.8666	0.10825	0.47573	0.41845	1.4511	0.45793	2.3336	0.01436	0.0074226	0.020003	0.0020079	0.0005326	0.0038231	0	0	0	-0.033981	0.0056962	-0.051691	0.0020079	0.0005326	0.0038231
8.8	-17.61	18.785	-52.684	0	0	0	3.8662	0.10783	0.4647	0.41148	1.405	0.46306	2.2637	0.014546	0.0074753	0.020363	0.00186	0.00052731	0.0036037	0	0	0	-0.046054	0.0051276	-0.069898	0.00186	0.00052731	0.0036037
8.9	-17.61	18.785	-52.684	0	0	0	3.8658	0.1074	0.4536	0.40425	1.3473	0.46747	2.1764	0.014714	0.0075273	0.020696	0.0016746	0.00052013	0.0033275	0	0	0	-0.0577	0.0044077	-0.087289	0.0016746	0.00052013	0.0033275
9	-17.61	18.785	-52.684	0	0	0	3.8654	0.10696	0.44242	0.39677	1.2785	0.47101	2.0727	0.014859	0.0075784	0.020996	0.001453	0.00051058	0.0029971	0	0	0	-0.068776	0.0035424	-0.10365	0.001453	0.00051058	0.0029971
9.1	-17.61	18.785	-52.684	0	0	0	3.8651	0.10652	0.43118	0.38904	1.1994	0.47355	1.954	0.014979	0.0076282	0.021257	0.0011971	0.00049823	0.0026157	0	0	0	-0.079147	0.0025391	-0.11878	0.0011971	0.00049823	0.0026157
9.2	-17.61	18.785	-52.684	0	0	0	3.8647	0.10606	0.41986	0.38106	1.1107	0.47495	1.8215	0.01507	0.0076765	0.021476	0.00090903	0.00048266	0.0021872	0	0	0	-0.088689	0.0014071	-0.13249	0.00090903	0.00048266	0.0021872
9.3	-17.61	18.785	-52.684	0	0	0	3.8644	0.1056	0.40849	0.37285	1.0134	0.47511	1.6769	0.015129	0.0077228	0.021648	0.00059152	0.00046348	0.0017161	0	0	0	-0.097284	0.00015735	-0.14461	0.00059152	0.00046348	0.0017161
9.4	-17.61	18.785	-52.684	0	0	0	3.8641	0.10514	0.39705	0.36441	0.90859	0.47391	1.5219	0.015154	0.0077668	0.021768	0.00024754	0.00044033	0.0012073	0	0	0	-0.10483	-0.0011977	-0.155	0.00024754	0.00044033	0.0012073
9.5	-17.61	18.785	-52.684	0	0	0	3.8638	0.10466	0.38554	0.35574	0.79736	0.47127	1.3583	0.015142	0.0078081	0.021835	-0.0001196	0.0004129	0.0006664	0	0	0	-0.11123	-0.0026441	-0.16352	-0.0001196	0.0004129	0.0006664
9.6	-17.61	18.785	-52.684	0	0	0	3.8636	0.10418	0.37398	0.34684	0.68094	0.4671	1.1883	0.015091	0.0078462	0.021845	-0.0005063	0.00038091	9.9206e-05	0	0	0	-0.11641	-0.0041671	-0.17007	-0.0005063	0.00038091	9.9206e-05
9.7	-17.61	18.785	-52.684	0	0	0	3.8633	0.1037	0.36236	0.33773	0.56063	0.46135	1.0137	0.015	0.0078806	0.021796	-0.0009087	0.00034415	-0.00048807	0	0	0	-0.12031	-0.0057506	-0.17457	-0.0009087	0.00034415	-0.00048807
9.8	-17.61	18.785	-52.684	0	0	0	3.8631	0.1032	0.35068	0.32841	0.43775	0.45397	0.83672	0.014868	0.0079109	0.021687	-0.0013228	0.00030244	-0.001089	0	0	0	-0.12288	-0.0073778	-0.17697	-0.0013228	0.00030244	-0.001089
9.9	-17.61	18.785	-52.684	0	0	0	3.8629	0.10271	0.33895	0.31888	0.31366	0.44494	0.6595	0.014694	0.0079365	0.021517	-0.0017443	0.00025566	-0.0016968	0	0	0	-0.12409	-0.0090314	-0.17722	-0.0017443	0.00025566	-0.0016968
10	-17.61	18.785	-52.684	0	0	0	3.8627	0.1022	0.32716	0.30916	0.18973	0.43425	0.48416	0.014477	0.0079568	0.021287	-0.0021689	0.00020373	-0.002305	0	0	0	-0.12393	-0.010693	-0.17534	-0.0021689	0.00020373	-0.002305
10.1	-17.61	18.785	-52.684	0	0	0	3.8626	0.10169	0.31532	0.29924	0.067346	0.4219	0.31283	0.014217	0.0079715	0.020996	-0.0025925	0.00014666	-0.0029067	0	0	0	-0.12239	-0.012346	-0.17133	-0.0025925	0.00014666	-0.0029067
10.2	-17.61	18.785	-52.684	0	0	0	3.8624	0.10118	0.30344	0.28913	-0.052153	0.40793	0.14759	0.013916	0.0079799	0.020647	-0.0030105	8.4493e-05	-0.0034952	0	0	0	-0.1195	-0.013971	-0.16525	-0.0030105	8.4493e-05	-0.0034952
10.3	-17.61	18.785	-52.684	0	0	0	3.8623	0.10066	0.2915	0.27884	-0.16744	0.39238	-0.0095847	0.013575	0.0079817	0.02024	-0.0034187	1.7323e-05	-0.004064	0	0	0	-0.11529	-0.015551	-0.15717	-0.0034187	1.7323e-05	-0.004064
10.4	-17.61	18.785	-52.684	0	0	0	3.8621	0.10013	0.27952	0.26838	-0.27727	0.37531	-0.15678	0.013193	0.0079762	0.01978	-0.0038131	-5.4688e-05	-0.0046069	0	0	0	-0.10982	-0.017069	-0.14719	-0.0038131	-5.4688e-05	-0.0046069
10.5	-17.61	18.785	-52.684	0	0	0	3.862	0.099604	0.2675	0.25775	-0.38042	0.3568	-0.29221	0.012774	0.0079631	0.019268	-0.0041895	-0.00013133	-0.0051178	0	0	0	-0.10315	-0.018508	-0.13543	-0.0041895	-0.00013133	-0.0051178
10.6	-17.61	18.785	-52.684	0	0	0	3.8619	0.09907	0.25543	0.24696	-0.47579	0.33695	-0.41424	0.01232	0.0079418	0.018709	-0.0045442	-0.00021233	-0.0055912	0	0	0	-0.095371	-0.019852	-0.12204	-0.0045442	-0.00021233	-0.0055912
10.7	-17.61	18.785	-52.684	0	0	0	3.8618	0.098531	0.24333	0.23601	-0.56236	0.31586	-0.52141	0.011832	0.0079121	0.018107	-0.0048738	-0.00029738	-0.0060219	0	0	0	-0.086569	-0.021088	-0.10716	-0.0048738	-0.00029738	-0.0060219
10.8	-17.61	18.785	-52.684	0	0	0	3.8618	0.097989	0.23119	0.22492	-0.63921	0.29366	-0.61241	0.011315	0.0078735	0.017466	-0.0051749	-0.00038612	-0.0064052	0	0	0	-0.076856	-0.022201	-0.091001	-0.0051749	-0.00038612	-0.0064052
10.9	-17.61	18.785	-52.684	0	0	0	3.8617	0.097442	0.21901	0.21369	-0.70557	0.27048	-0.68615	0.010771	0.0078257	0.016792	-0.0054447	-0.00047815	-0.0067371	0	0	0	-0.066351	-0.02318	-0.073742	-0.0054447	-0.00047815	-0.0067371
11	-17.61	18.785	-52.684	0	0	0	3.8617	0.096891	0.20679	0.20232	-0.76075	0.24647	-0.74175	0.010202	0.0077684	0.016091	-0.0056807	-0.00057302	-0.0070141	0	0	0	-0.055184	-0.024014	-0.055596	-0.0056807	-0.00057302	-0.0070141
11.1	-17.61	18.785	-52.684	0	0	0	3.8616	0.096337	0.19455	0.19083	-0.80424	0.22177	-0.77853	0.0096144	0.0077013	0.015368	-0.0058807	-0.00067028	-0.0072335	0	0	0	-0.043491	-0.024695	-0.036786	-0.0058807	-0.00067028	-0.0072335
11.2	-17.61	18.785	-52.684	0	0	0	3.8616	0.09578	0.18227	0.17922	-0.83566	0.19656	-0.79607	0.00901	0.0076244	0.014628	-0.0060432	-0.00076941	-0.0073931	0	0	0	-0.031416	-0.025216	-0.01754	-0.0060432	-0.00076941	-0.0073931
11.3	-17.61	18.785	-52.684	0	0	0	3.8616	0.095219	0.16997	0.16749	-0.85476	0.17099	-0.79417	0.0083934	0.0075374	0.013879	-0.0061669	-0.0008699	-0.0074915	0	0	0	-0.019107	-0.025572	0.0019067	-0.0061669	-0.0008699	-0.0074915
11.4	-17.61	18.785	-52.684	0	0	0	3.8616	0.094655	0.15764	0.15566	-0.86148	0.14523	-0.77285	0.0077682	0.0074403	0.013126	-0.0062511	-0.00097122	-0.0075282	0	0	0	-0.0067155	-0.025759	0.021318	-0.0062511	-0.00097122	-0.0075282
11.5	-17.61	18.785	-52.684	0	0	0	3.8616	0.094088	0.14528	0.14374	-0.85587	0.11945	-0.73239	0.0071387	0.007333	0.012376	-0.0062954	-0.0010728	-0.0075031	0	0	0	0.0056073	-0.025778	0.040456	-0.0062954	-0.0010728	-0.0075031
11.6	-17.61	18.785	-52.684	0	0	0	3.8616	0.093519	0.1329	0.13172	-0.83816	0.093822	-0.6733	0.0065087	0.0072156	0.011634	-0.0063001	-0.0011741	-0.0074172	0	0	0	0.01771	-0.025627	0.059088	-0.0063001	-0.0011741	-0.0074172
11.7	-17.61	18.785	-52.684	0	0	0	3.8617	0.092947	0.1205	0.11962	-0.80872	0.06851	-0.59632	0.0058821	0.0070881	0.010907	-0.0062658	-0.0012746	-0.007272	0	0	0	0.029444	-0.025312	0.076987	-0.0062658	-0.0012746	-0.007272
11.8	-17.61	18.785	-52.684	0	0	0	3.8617	0.092372	0.10808	0.10745	-0.76805	0.043675	-0.50238	0.0052627	0.0069508	0.0102	-0.0061937	-0.0013738	-0.0070698	0	0	0	0.040666	-0.024835	0.093936	-0.0061937	-0.0013738	-0.0070698
11.9	-17.61	18.785	-52.684	0	0	0	3.8617	0.091796	0.095649	0.09521	-0.71682	0.019471	-0.39265	0.0046542	0.0068037	0.0095188	-0.0060854	-0.001471	-0.0068135	0	0	0	0.051237	-0.024204	0.10973	-0.0060854	-0.001471	-0.0068135
12	-17.61	18.785	-52.684	0	0	0	3.8618	0.091218	0.083199	0.08291	-0.65579	-0.0039566	-0.26849	0.0040599	0.0066471	0.0088681	-0.0059428	-0.0015659	-0.0065069	0	0	0	0.061029	-0.023428	0.12417	-0.0059428	-0.0015659	-0.0065069
12.1	-17.61	18.785	-52.684	0	0	0	3.8618	0.090638	0.070736	0.070559	-0.58586	-0.026472	-0.13141	0.0034831	0.0064813	0.0082527	-0.0057685	-0.0016579	-0.0061541	0	0	0	0.069922	-0.022516	0.13708	-0.0057685	-0.0016579	-0.0061541
12.2	-17.61	18.785	-52.684	0	0	0	3.8619	0.090057	0.058262	0.058163	-0.50806	-0.047952	0.016907	0.0029265	0.0063066	0.0076767	-0.0055652	-0.0017467	-0.0057599	0	0	0	0.077806	-0.02148	0.14831	-0.0055652	-0.0017467	-0.0057599
12.3	-17.61	18.785	-52.684	0	0	0	3.862	0.089474	0.045779	0.045731	-0.42347	-0.068285	0.17463	0.0023929	0.0061234	0.0071437	-0.0053361	-0.0018317	-0.0053295	0	0	0	0.084585	-0.020333	0.15773	-0.0053361	-0.0018317	-0.0053295
12.4	-17.61	18.785	-52.684	0	0	0	3.862	0.088891	0.033289	0.03327	-0.3333	-0.087374	0.33984	0.0018845	0.0059322	0.0066568	-0.0050846	-0.0019127	-0.0048687	0	0	0	0.090176	-0.01909	0.16521	-0.0050846	-0.0019127	-0.0048687
12.5	-17.61	18.785	-52.684	0	0	0	3.8621	0.088306	0.020793	0.020789	-0.23879	-0.10514	0.5105	0.001403	0.0057332	0.0062185	-0.0048144	-0.0019892	-0.0043836	0	0	0	0.09451	-0.017766	0.17066	-0.0048144	-0.0019892	-0.0043836
12.6	-17.61	18.785	-52.684	0	0	0	3.8622	0.087721	0.0082948	0.0082945	-0.14125	-0.12152	0.68453	0.00095009	0.0055271	0.0058304	-0.0045295	-0.0020611	-0.0038804	0	0	0	0.097534	-0.016378	0.17403	-0.0045295	-0.0020611	-0.0038804
12.7	-17.61	18.785	-52.684	0	0	0	3.8623	0.087136	-0.0042051	-0.0042051	-0.042041	-0.13646	0.82133	0.00052669	0.0053143	0.0054939	-0.004234	-0.0021282	-0.0033657	0	0	0	0.099212	-0.014942	0.13681	-0.004234	-0.0021282	-0.0033657
12.8	-17.61	18.785	-52.684	0	0	0	3.8624	0.086551	-0.016704	-0.016702	0.057481	-0.14994	0.91925	0.00013349	0.0050953	0.0051975	-0.003932	-0.0021901	-0.0029639	0	0	0	0.099522	-0.013476	0.097915	-0.003932	-0.0021901	-0.0029639
12.9	-17.61	18.785	-52.684	0	0	0	3.8625	0.085966	-0.029201	-0.029189	0.15594	-0.16193	0.97707	-0.00022929	0.0048706	0.0049295	-0.0036278	-0.002247	-0.0026802	0	0	0	0.098461	-0.011998	0.057826	-0.0036278	-0.002247	-0.0026802
13	-17.61	18.785	-52.684	0	0	0	3.8625	0.085381	-0.041693	-0.041657	0.25198	-0.17246	0.99411	-0.00056188	0.0046407	0.0046776	-0.0033259	-0.0022986	-0.0025183	0	0	0	0.096042	-0.010526	0.017032	-0.0033259	-0.0022986	-0.0025183
13.1	-17.61	18.785	-52.684	0	0	0	3.8626	0.084797	-0.054179	-0.054099	0.34428	-0.18154	0.97014	-0.0008649	0.0044062	0.0044296	-0.0030302	-0.002345	-0.0024805	0	0	0	0.092294	-0.0090769	-0.023966	-0.0030302	-0.002345	-0.0024805
13.2	-17.61	18.785	-52.684	0	0	0	3.8627	0.084214	-0.066656	-0.066508	0.43154	-0.1892	0.90547	-0.0011394	0.0041676	0.0041728	-0.0027452	-0.0023863	-0.0025674	0	0	0	0.087265	-0.007669	-0.064667	-0.0027452	-0.0023863	-0.0025674
13.3	-17.61	18.785	-52.684	0	0	0	3.8628	0.083632	-0.079123	-0.078875	0.51256	-0.19552	0.8009	-0.0013869	0.0039254	0.003895	-0.0024747	-0.0024225	-0.002778	0	0	0	0.081014	-0.0063185	-0.10457	-0.0024747	-0.0024225	-0.002778
13.4	-17.61	18.785	-52.684	0	0	0	3.8629	0.083051	-0.091577	-0.091192	0.58618	-0.20056	0.65771	-0.0016091	0.00368	0.003584	-0.0022225	-0.0024538	-0.00311	0	0	0	0.073619	-0.0050415	-0.14319	-0.0022225	-0.0024538	-0.00311
13.5	-17.61	18.785	-52.684	0	0	0	3.863	0.082473	-0.10402	-0.10345	0.65135	-0.20442	0.47767	-0.0018084	0.0034319	0.0032281	-0.0019923	-0.0024805	-0.0035591	0	0	0	0.065171	-0.0038529	-0.18004	-0.0019923	-0.0024805	-0.0035591
13.6	-17.61	18.785	-52.684	0	0	0	3.863	0.081897	-0.11644	-0.11565	0.70712	-0.20718	0.26298	-0.0019871	0.0031817	0.0028161	-0.0017874	-0.0025028	-0.0041199	0	0	0	0.055774	-0.0027664	-0.21469	-0.0017874	-0.0025028	-0.0041199
13.7	-17.61	18.785	-52.684	0	0	0	3.8631	0.081322	-0.12885	-0.12777	0.75266	-0.20898	0.016284	-0.0021482	0.0029296	0.0023376	-0.0016106	-0.002521	-0.0047855	0	0	0	0.045541	-0.0017944	-0.2467	-0.0016106	-0.002521	-0.0047855
13.8	-17.61	18.785	-52.684	0	0	0	3.8632	0.080751	-0.14123	-0.13982	0.78726	-0.20993	-0.25939	-0.0022946	0.002676	0.0017829	-0.0014647	-0.0025355	-0.0055475	0	0	0	0.0346	-0.00094781	-0.27567	-0.0014647	-0.0025355	-0.0055475
13.9	-17.61	18.785	-52.684	0	0	0	3.8632	0.080182	-0.1536	-0.15177	0.81035	-0.21016	-0.56066	-0.0024298	0.0024214	0.0011432	-0.0013518	-0.0025465	-0.0063965	0	0	0	0.023084	-0.00023601	-0.30127	-0.0013518	-0.0025465	-0.0063965
14	-17.61	18.785	-52.684	0	0	0	3.8633	0.079617	-0.16593	-0.16363	0.82148	-0.20983	-0.88381	-0.0025572	0.0021659	0.00041101	-0.0012737	-0.0025547	-0.0073219	0	0	0	0.011134	0.00033349	-0.32316	-0.0012737	-0.0025547	-0.0073219
14.1	-17.61	18.785	-52.684	0	0	0	3.8634	0.079054	-0.17825	-0.17539	0.82038	-0.20907	-1.2249	-0.0026804	0.0019099	-0.00042019	-0.0012318	-0.0025603	-0.008312	0	0	0	-0.0011023	0.00075498	-0.34108	-0.0012318	-0.0025603	-0.008312
14.2	-17.61	18.785	-52.684	0	0	0	3.8634	0.078496	-0.19053	-0.18704	0.8069	-0.20805	-1.5797	-0.0028031	0.0016535	-0.0013556	-0.001227	-0.0025638	-0.0093544	0	0	0	-0.013476	0.0010246	-0.35482	-0.001227	-0.0025638	-0.0093544
14.3	-17.61	18.785	-52.684	0	0	0	3.8634	0.077941	-0.20279	-0.19858	0.78107	-0.20691	-1.9439	-0.002929	0.0013969	-0.0023992	-0.0012596	-0.0025657	-0.010436	0	0	0	-0.025834	0.0011406	-0.36419	-0.0012596	-0.0025657	-0.010436
14.4	-17.61	18.785	-52.684	0	0	0	3.8635	0.07739	-0.21501	-0.20998	0.74304	-0.20581	-2.313	-0.003062	0.0011403	-0.0035535	-0.0013297	-0.0025665	-0.011543	0	0	0	-0.038027	0.0011029	-0.36909	-0.0013297	-0.0025665	-0.011543
14.5	-17.61	18.785	-52.684	0	0	0	3.8635	0.076843	-0.2272	-0.22126	0.69314	-0.20489	-2.6825	-0.0032057	0.00088359	-0.0048197	-0.0014367	-0.0025666	-0.012662	0	0	0	-0.049902	0.00091374	-0.36946	-0.0014367	-0.0025666	-0.012662
14.6	-17.61	18.785	-52.684	0	0	0	3.8635	0.0763	-0.23936	-0.2324	0.63182	-0.20431	-3.0477	-0.0033636	0.00062693	-0.0061975	-0.0015796	-0.0025665	-0.013777	0	0	0	-0.061316	0.00057702	-0.36529	-0.0015796	-0.0025665	-0.013777
14.7	-17.61	18.785	-52.684	0	0	0	3.8635	0.075762	-0.25148	-0.2434	0.5597	-0.20422	-3.4044	-0.0035393	0.00037026	-0.0076851	-0.001757	-0.0025667	-0.014876	0	0	0	-0.072128	9.8675e-05	-0.35662	-0.001757	-0.0025667	-0.014876
14.8	-17.61	18.785	-52.684	0	0	0	3.8634	0.075229	-0.26356	-0.25424	0.47749	-0.20473	-3.7479	-0.003736	0.00011351	-0.0092795	-0.0019668	-0.0025675	-0.015944	0	0	0	-0.082204	-0.00051358	-0.34357	-0.0019668	-0.0025675	-0.015944
14.9	-17.61	18.785	-52.684	0	0	0	3.8634	0.074701	-0.27559	-0.26492	0.38607	-0.20598	-4.0742	-0.0039567	-0.00014344	-0.010976	-0.0022069	-0.0025695	-0.016967	0	0	0	-0.091422	-0.0012503	-0.32629	-0.0022069	-0.0025695	-0.016967
15	-17.61	18.785	-52.684	0	0	0	3.8634	0.074178	-0.28759	-0.27544	0.2864	-0.20808	-4.3792	-0.0042042	-0.00040072	-0.012769	-0.0024746	-0.0025728	-0.017932	0	0	0	-0.099668	-0.0021005	-0.305	-0.0024746	-0.0025728	-0.017932
15.1	-17.61	18.785	-52.684	0	0	0	3.8633	0.07366	-0.29954	-0.28578	0.17956	-0.21113	-4.6592	-0.0044808	-0.00065852	-0.014652	-0.0027667	-0.002578	-0.018826	0	0	0	-0.10684	-0.0030515	-0.27995	-0.0027667	-0.002578	-0.018826
15.2	-17.61	18.785	-52.684	0	0	0	3.8632	0.073148	-0.31144	-0.29595	0.066713	-0.21522	-4.9106	-0.0047888	-0.00091706	-0.016616	-0.0030799	-0.0025854	-0.019638	0	0	0	-0.11285	-0.0040897	-0.25145	-0.0030799	-0.0025854	-0.019638
15.3	-17.61	18.785	-52.684	0	0	0	3.8632	0.072641	-0.32329	-0.30593	-0.05091	-0.22042	-5.1305	-0.0051299	-0.0011766	-0.018651	-0.0034106	-0.0025951	-0.020356	0	0	0	-0.11762	-0.0052	-0.21985	-0.0034106	-0.0025951	-0.020356
15.4	-17.61	18.785	-52.684	0	0	0	3.8631	0.07214	-0.3351	-0.31572	-0.17201	-0.22679	-5.316	-0.0055054	-0.0014373	-0.020749	-0.0037548	-0.0026074	-0.020972	0	0	0	-0.1211	-0.0063665	-0.18553	-0.0037548	-0.0026074	-0.020972
15.5	-17.61	18.785	-52.684	0	0	0	3.8629	0.071645	-0.34685	-0.32531	-0.29525	-0.23436	-5.4649	-0.0059162	-0.0016996	-0.022896	-0.0041085	-0.0026225	-0.021476	0	0	0	-0.12324	-0.0075724	-0.14891	-0.0041085	-0.0026225	-0.021476
15.6	-17.61	18.785	-52.684	0	0	0	3.8628	0.071156	-0.35854	-0.3347	-0.41927	-0.24316	-5.5753	-0.006363	-0.0019636	-0.025082	-0.0044676	-0.0026404	-0.021862	0	0	0	-0.12402	-0.0088006	-0.11043	-0.0044676	-0.0026404	-0.021862
15.7	-17.61	18.785	-52.684	0	0	0	3.8627	0.070673	-0.37018	-0.34389	-0.54268	-0.25319	-5.6459	-0.0068457	-0.0022297	-0.027295	-0.0048276	-0.0026614	-0.022123	0	0	0	-0.12342	-0.010033	-0.070582	-0.0048276	-0.0026614	-0.022123
15.8	-17.61	18.785	-52.684	0	0	0	3.8625	0.070196	-0.38177	-0.35285	-0.66413	-0.26445	-5.6758	-0.0073642	-0.0024983	-0.02952	-0.0051843	-0.0026852	-0.022256	0	0	0	-0.12145	-0.011253	-0.029834	-0.0051843	-0.0026852	-0.022256
15.9	-17.61	18.785	-52.684	0	0	0	3.8623	0.069725	-0.39329	-0.3616	-0.78226	-0.27689	-5.6645	-0.0079175	-0.0027695	-0.031746	-0.0055334	-0.002712	-0.022257	0	0	0	-0.11813	-0.012442	0.011311	-0.0055334	-0.002712	-0.022257
16	-17.61	18.785	-52.684	0	0	0	3.8621	0.069261	-0.40475	-0.37012	-0.89577	-0.29047	-5.6121	-0.0085046	-0.0030436	-0.033958	-0.0058706	-0.0027416	-0.022125	0	0	0	-0.11351	-0.013583	0.052351	-0.0058706	-0.0027416	-0.022125
16.1	-17.61	18.785	-52.684	0	0	0	3.8619	0.068803	-0.41615	-0.3784	-1.0034	-0.30513	-5.5193	-0.0091238	-0.003321	-0.036144	-0.0061919	-0.0027739	-0.021861	0	0	0	-0.10764	-0.01466	0.092784	-0.0061919	-0.0027739	-0.021861
16.2	-17.61	18.785	-52.684	0	0	0	3.8617	0.068352	-0.42748	-0.38645	-1.104	-0.32079	-5.3872	-0.0097731	-0.0036019	-0.038291	-0.0064934	-0.0028086	-0.021466	0	0	0	-0.10059	-0.015655	0.13212	-0.0064934	-0.0028086	-0.021466
16.3	-17.61	18.785	-52.684	0	0	0	3.8614	0.067908	-0.43875	-0.39426	-1.1964	-0.33734	-5.2173	-0.01045	-0.0038864	-0.040386	-0.0067713	-0.0028455	-0.020945	0	0	0	-0.092447	-0.016554	0.16987	-0.0067713	-0.0028455	-0.020945
16.4	-17.61	18.785	-52.684	0	0	0	3.8611	0.06747	-0.44995	-0.40183	-1.2798	-0.35469	-5.0117	-0.011152	-0.0041748	-0.042416	-0.0070222	-0.0028842	-0.020301	0	0	0	-0.08331	-0.017344	0.20558	-0.0070222	-0.0028842	-0.020301
16.5	-17.61	18.785	-52.684	0	0	0	3.8608	0.06704	-0.46108	-0.40914	-1.353	-0.3727	-4.7729	-0.011877	-0.0044673	-0.04437	-0.007243	-0.0029245	-0.019542	0	0	0	-0.073289	-0.01801	0.23881	-0.007243	-0.0029245	-0.019542
16.6	-17.61	18.785	-52.684	0	0	0	3.8605	0.066616	-0.47213	-0.4162	-1.4156	-0.39124	-4.5038	-0.01262	-0.0047639	-0.046238	-0.0074309	-0.002966	-0.018676	0	0	0	-0.062507	-0.018543	0.26916	-0.0074309	-0.002966	-0.018676
16.7	-17.61	18.785	-52.684	0	0	0	3.8602	0.0662	-0.48311	-0.42299	-1.4666	-0.41017	-4.2075	-0.013378	-0.0050647	-0.048009	-0.0075836	-0.0030081	-0.017711	0	0	0	-0.051094	-0.018931	0.29626	-0.0075836	-0.0030081	-0.017711
16.8	-17.61	18.785	-52.684	0	0	0	3.8598	0.06579	-0.49402	-0.42953	-1.5058	-0.42934	-3.8877	-0.014148	-0.0053697	-0.049674	-0.007699	-0.0030506	-0.016657	0	0	0	-0.039189	-0.019168	0.31978	-0.007699	-0.0030506	-0.016657
16.9	-17.61	18.785	-52.684	0	0	0	3.8594	0.065389	-0.50485	-0.43579	-1.5328	-0.44859	-3.5483	-0.014926	-0.005679	-0.051227	-0.0077756	-0.0030928	-0.015527	0	0	0	-0.026937	-0.019247	0.33942	-0.0077756	-0.0030928	-0.015527
17	-17.61	18.785	-52.684	0	0	0	3.859	0.064994	-0.5156	-0.44178	-1.5473	-0.46775	-3.1934	-0.015707	-0.0059925	-0.05266	-0.0078124	-0.0031343	-0.014331	0	0	0	-0.014487	-0.019164	0.35495	-0.0078124	-0.0031343	-0.014331
17.1	-17.61	18.785	-52.684	0	0	0	3.8586	0.064607	-0.52627	-0.4475	-1.5493	-0.48667	-2.8272	-0.016488	-0.0063099	-0.053969	-0.0078086	-0.0031746	-0.013084	0	0	0	-0.0019898	-0.018916	0.36619	-0.0078086	-0.0031746	-0.013084
17.2	-17.61	18.785	-52.684	0	0	0	3.8581	0.064228	-0.53686	-0.45293	-1.5388	-0.50517	-2.4542	-0.017264	-0.0066312	-0.055148	-0.0077643	-0.0032132	-0.011798	0	0	0	0.010402	-0.018503	0.37299	-0.0077643	-0.0032132	-0.011798
17.3	-17.61	18.785	-52.684	0	0	0	3.8576	0.063856	-0.54736	-0.45808	-1.5163	-0.5231	-2.0789	-0.018032	-0.0069562	-0.056197	-0.0076796	-0.0032495	-0.010488	0	0	0	0.022538	-0.017927	0.37527	-0.0076796	-0.0032495	-0.010488
17.4	-17.61	18.785	-52.684	0	0	0	3.8572	0.063493	-0.55778	-0.46295	-1.482	-0.54029	-1.7059	-0.018788	-0.0072845	-0.057114	-0.0075555	-0.0032831	-0.009168	0	0	0	0.03427	-0.017191	0.37301	-0.0075555	-0.0032831	-0.009168
17.5	-17.61	18.785	-52.684	0	0	0	3.8566	0.063137	-0.56811	-0.46753	-1.4366	-0.55659	-1.3397	-0.019527	-0.0076158	-0.057899	-0.0073931	-0.0033134	-0.0078519	0	0	0	0.045457	-0.0163	0.36624	-0.0073931	-0.0033134	-0.0078519
17.6	-17.61	18.785	-52.684	0	0	0	3.8561	0.062789	-0.57835	-0.47181	-1.3806	-0.57185	-0.98464	-0.020246	-0.0079498	-0.058555	-0.0071943	-0.00334	-0.006554	0	0	0	0.055961	-0.015262	0.35503	-0.0071943	-0.00334	-0.006554
17.7	-17.61	18.785	-52.684	0	0	0	3.8555	0.062449	-0.5885	-0.4758	-1.315	-0.58594	-0.6451	-0.020943	-0.0082861	-0.059083	-0.0069611	-0.0033623	-0.0052884	0	0	0	0.065657	-0.014087	0.33953	-0.0069611	-0.0033623	-0.0052884
17.8	-17.61	18.785	-52.684	0	0	0	3.8549	0.062118	-0.59856	-0.47949	-1.2405	-0.59872	-0.32517	-0.021612	-0.0086241	-0.05949	-0.0066961	-0.0033801	-0.0040687	0	0	0	0.074426	-0.012784	0.31994	-0.0066961	-0.0033801	-0.0040687
17.9	-17.61	18.785	-52.684	0	0	0	3.8543	0.061795	-0.60853	-0.48289	-1.1584	-0.61009	-0.028685	-0.022252	-0.0089634	-0.059781	-0.0064022	-0.0033928	-0.0029076	0	0	0	0.082161	-0.011366	0.29648	-0.0064022	-0.0033928	-0.0029076
18	-17.61	18.785	-52.684	0	0	0	3.8537	0.061481	-0.6184	-0.48598	-1.0696	-0.61993	0.24077	-0.022861	-0.0093034	-0.059963	-0.0060827	-0.0034002	-0.0018175	0	0	0	0.088771	-0.009847	0.26945	-0.0060827	-0.0034002	-0.0018175
18.1	-17.61	18.785	-52.684	0	0	0	3.853	0.061175	-0.62818	-0.48877	-0.97543	-0.62817	0.47995	-0.023435	-0.0096436	-0.060044	-0.0057411	-0.0034018	-0.00080945	0	0	0	0.094174	-0.0082416	0.23919	-0.0057411	-0.0034018	-0.00080945
18.2	-17.61	18.785	-52.684	0	0	0	3.8524	0.060878	-0.63785	-0.49125	-0.87713	-0.63474	0.686	-0.023973	-0.0099833	-0.060033	-0.0053812	-0.0033975	0.00010619	0	0	0	0.098306	-0.0065656	0.20605	-0.0053812	-0.0033975	0.00010619
18.3	-17.61	18.785	-52.684	0	0	0	3.8517	0.060589	-0.64743	-0.49342	-0.77601	-0.63958	0.85646	-0.024474	-0.010322	-0.059941	-0.005007	-0.0033871	0.00092041	0	0	0	0.10112	-0.0048359	0.17046	-0.005007	-0.0033871	0.00092041
18.4	-17.61	18.785	-52.684	0	0	0	3.8509	0.06031	-0.65691	-0.49529	-0.67344	-0.64265	0.9893	-0.024936	-0.010659	-0.059779	-0.0046227	-0.0033703	0.0016254	0	0	0	0.10258	-0.0030698	0.13284	-0.0046227	-0.0033703	0.0016254
18.5	-17.61	18.785	-52.684	0	0	0	3.8502	0.06004	-0.66628	-0.49685	-0.57077	-0.64393	1.083	-0.025359	-0.010994	-0.059557	-0.0042326	-0.0033471	0.0022148	0	0	0	0.10266	-0.0012852	0.093662	-0.0042326	-0.0033471	0.0022148
18.6	-17.61	18.785	-52.684	0	0	0	3.8494	0.059778	-0.67555	-0.49809	-0.46939	-0.64343	1.1364	-0.025743	-0.011325	-0.059289	-0.0038408	-0.0033174	0.0026837	0	0	0	0.10138	0.00049987	0.053403	-0.0038408	-0.0033174	0.0026837
18.7	-17.61	18.785	-52.684	0	0	0	3.8486	0.059526	-0.68471	-0.49903	-0.37065	-0.64116	1.1489	-0.026088	-0.011654	-0.058986	-0.0034518	-0.0032812	0.0030285	0	0	0	0.098745	0.0022674	0.012559	-0.0034518	-0.0032812	0.0030285
18.8	-17.61	18.785	-52.684	0	0	0	3.8478	0.059284	-0.69377	-0.49965	-0.27586	-0.63716	1.1206	-0.026395	-0.011977	-0.058661	-0.0030698	-0.0032386	0.0032475	0	0	0	0.09479	0.0039995	-0.02837	-0.0030698	-0.0032386	0.0032475
18.9	-17.61	18.785	-52.684	0	0	0	3.8469	0.059051	-0.70272	-0.49996	-0.18629	-0.63149	1.0517	-0.026665	-0.012296	-0.058327	-0.002699	-0.0031897	0.0033401	0	0	0	0.089565	0.0056788	-0.068881	-0.002699	-0.0031897	0.0033401
19	-17.61	18.785	-52.684	0	0	0	3.846	0.058827	-0.71155	-0.49996	-0.10316	-0.6242	0.9432	-0.0269	-0.01261	-0.057996	-0.0023433	-0.0031347	0.0033079	0	0	0	0.083136	0.0072887	-0.10848	-0.0023433	-0.0031347	0.0033079
19.1	-17.61	18.785	-52.684	0	0	0	3.8452	0.058613	-0.72028	-0.49965	-0.027574	-0.61538	0.79652	-0.0271	-0.012917	-0.057681	-0.0020066	-0.0030738	0.0031534	0	0	0	0.075582	0.0088132	-0.14667	-0.0020066	-0.0030738	0.0031534
19.2	-17.61	18.785	-52.684	0	0	0	3.8442	0.058409	-0.7289	-0.49902	0.039424	-0.60515	0.61353	-0.027269	-0.013218	-0.057393	-0.0016924	-0.0030073	0.0028811	0	0	0	0.066998	0.010237	-0.183	-0.0016924	-0.0030073	0.0028811
19.3	-17.61	18.785	-52.684	0	0	0	3.8433	0.058215	-0.7374	-0.49808	0.096914	-0.5936	0.39653	-0.02741	-0.013512	-0.057143	-0.001404	-0.0029355	0.0024967	0	0	0	0.05749	0.011548	-0.217	-0.001404	-0.0029355	0.0024967
19.4	-17.61	18.785	-52.684	0	0	0	3.8423	0.05803	-0.74578	-0.49683	0.14409	-0.58087	0.14825	-0.027524	-0.013797	-0.056942	-0.0011442	-0.0028588	0.0020076	0	0	0	0.047175	0.012732	-0.24828	-0.0011442	-0.0028588	0.0020076
19.5	-17.61	18.785	-52.684	0	0	0	3.8413	0.057856	-0.75405	-0.49527	0.18027	-0.56709	-0.12818	-0.027616	-0.014075	-0.0568	-0.00091558	-0.0027777	0.0014221	0	0	0	0.036182	0.01378	-0.27643	-0.00091558	-0.0027777	0.0014221
19.6	-17.61	18.785	-52.684	0	0	0	3.8403	0.057691	-0.7622	-0.4934	0.20492	-0.5524	-0.4293	-0.027688	-0.014344	-0.056725	-0.00072036	-0.0026924	0.00075	0	0	0	0.024646	0.014682	-0.30112	-0.00072036	-0.0026924	0.00075
19.7	-17.61	18.785	-52.684	0	0	0	3.8393	0.057537	-0.77023	-0.49123	0.21763	-0.53697	-0.75134	-0.027744	-0.014605	-0.056725	-0.00056022	-0.0026036	2.1494e-06	0	0	0	0.01271	0.015431	-0.32204	-0.00056022	-0.0026036	2.1494e-06
19.8	-17.61	18.785	-52.684	0	0	0	3.8382	0.057392	-0.77815	-0.48874	0.21815	-0.52095	-1.0903	-0.027788	-0.014856	-0.056806	-0.00043643	-0.0025117	-0.00080972	0	0	0	0.00052197	0.016021	-0.33894	-0.00043643	-0.0025117	-0.00080972
19.9	-17.61	18.785	-52.684	0	0	0	3.8371	0.057257	-0.78594	-0.48595	0.20638	-0.5045	-1.4419	-0.027823	-0.015098	-0.056973	-0.0003498	-0.0024172	-0.001673	0	0	0	-0.011768	0.016449	-0.3516	-0.0003498	-0.0024172	-0.001673
20	-17.61	18.785	-52.684	0	0	0	3.836	0.057133	-0.7936	-0.48286	0.18237	-0.48779	-1.8017	-0.027853	-0.01533	-0.057231	-0.00030067	-0.0023207	-0.0025746	0	0	0	-0.024008	0.016714	-0.35986	-0.00030067	-0.0023207	-0.0025746
20.1	-17.61	18.785	-52.684	0	0	0	3.8349	0.057019	-0.80115	-0.47946	0.14633	-0.47097	-2.1654	-0.027882	-0.015552	-0.057581	-0.00028891	-0.0022226	-0.0035006	0	0	0	-0.036046	0.016816	-0.36364	-0.00028891	-0.0022226	-0.0035006
20.2	-17.61	18.785	-52.684	0	0	0	3.8338	0.056914	-0.80856	-0.47577	0.098593	-0.45421	-2.5282	-0.027913	-0.015764	-0.058025	-0.00031389	-0.0021236	-0.0044372	0	0	0	-0.047734	0.016758	-0.36287	-0.00031389	-0.0021236	-0.0044372
20.3	-17.61	18.785	-52.684	0	0	0	3.8326	0.05682	-0.81586	-0.47177	0.039666	-0.43767	-2.8858	-0.02795	-0.015967	-0.058562	-0.00037454	-0.0020241	-0.00537	0	0	0	-0.058927	0.016543	-0.35757	-0.00037454	-0.0020241	-0.00537
20.4	-17.61	18.785	-52.684	0	0	0	3.8314	0.056736	-0.82302	-0.46749	-0.02982	-0.42149	-3.2336	-0.027997	-0.016159	-0.05919	-0.00046933	-0.0019246	-0.006285	0	0	0	-0.069486	0.016178	-0.3478	-0.00046933	-0.0019246	-0.006285
20.5	-17.61	18.785	-52.684	0	0	0	3.8302	0.056662	-0.83006	-0.46291	-0.1091	-0.40582	-3.5673	-0.028057	-0.016342	-0.059907	-0.00059629	-0.0018256	-0.0071681	0	0	0	-0.079281	0.015671	-0.33367	-0.00059629	-0.0018256	-0.0071681
20.6	-17.61	18.785	-52.684	0	0	0	3.829	0.056598	-0.83696	-0.45804	-0.19729	-0.39079	-3.8826	-0.028132	-0.016515	-0.060707	-0.00075303	-0.0017277	-0.0080058	0	0	0	-0.08819	0.015032	-0.31536	-0.00075303	-0.0017277	-0.0080058
20.7	-17.61	18.785	-52.684	0	0	0	3.8277	0.056544	-0.84374	-0.45288	-0.29339	-0.37652	-4.1757	-0.028226	-0.016678	-0.061586	-0.00093681	-0.0016311	-0.008785	0	0	0	-0.096103	0.014272	-0.29309	-0.00093681	-0.0016311	-0.008785
20.8	-17.61	18.785	-52.684	0	0	0	3.8265	0.056499	-0.85038	-0.44744	-0.39631	-0.36311	-4.4429	-0.02834	-0.016831	-0.062535	-0.0011445	-0.0015364	-0.0094935	0	0	0	-0.10292	0.013404	-0.26714	-0.0011445	-0.0015364	-0.0094935
20.9	-17.61	18.785	-52.684	0	0	0	3.8252	0.056464	-0.85689	-0.44172	-0.50487	-0.35067	-4.6807	-0.028478	-0.016976	-0.063547	-0.0013727	-0.0014439	-0.01012	0	0	0	-0.10856	0.012442	-0.23781	-0.0013727	-0.0014439	-0.01012
21	-17.61	18.785	-52.684	0	0	0	3.8239	0.056439	-0.86327	-0.43573	-0.61782	-0.33927	-4.8861	-0.028639	-0.017111	-0.064613	-0.0016178	-0.0013539	-0.010653	0	0	0	-0.11294	0.0114	-0.20547	-0.0016178	-0.0013539	-0.010653
21.1	-17.61	18.785	-52.684	0	0	0	3.8225	0.056424	-0.86951	-0.42946	-0.73384	-0.32898	-5.0566	-0.028827	-0.017238	-0.065721	-0.0018757	-0.0012667	-0.011084	0	0	0	-0.11603	0.010297	-0.1705	-0.0018757	-0.0012667	-0.011084
21.2	-17.61	18.785	-52.684	0	0	0	3.8212	0.056418	-0.87562	-0.42293	-0.8516	-0.31983	-5.19	-0.029041	-0.017356	-0.066861	-0.0021426	-0.0011824	-0.011404	0	0	0	-0.11776	0.0091465	-0.13334	-0.0021426	-0.0011824	-0.011404
21.3	-17.61	18.785	-52.684	0	0	0	3.8198	0.056422	-0.88158	-0.41613	-0.96973	-0.31186	-5.2844	-0.029283	-0.017466	-0.068022	-0.0024141	-0.0011013	-0.011608	0	0	0	-0.11813	0.0079678	-0.094441	-0.0024141	-0.0011013	-0.011608
21.4	-17.61	18.785	-52.684	0	0	0	3.8185	0.056434	-0.88742	-0.40907	-1.0868	-0.30508	-5.3387	-0.029551	-0.017569	-0.069191	-0.0026859	-0.0010235	-0.011689	0	0	0	-0.11712	0.006778	-0.054273	-0.0026859	-0.0010235	-0.011689
21.5	-17.61	18.785	-52.684	0	0	0	3.8171	0.056456	-0.89311	-0.40176	-1.2016	-0.29949	-5.352	-0.029847	-0.017663	-0.070355	-0.0029539	-0.00094897	-0.011643	0	0	0	-0.11475	0.0055947	-0.013328	-0.0029539	-0.00094897	-0.011643
21.6	-17.61	18.785	-52.684	0	0	0	3.8157	0.056487	-0.89866	-0.39419	-1.3126	-0.29505	-5.3241	-0.030168	-0.017751	-0.071502	-0.0032137	-0.0008778	-0.011469	0	0	0	-0.11104	0.0044355	0.027895	-0.0032137	-0.0008778	-0.011469
21.7	-17.61	18.785	-52.684	0	0	0	3.8142	0.056527	-0.90407	-0.38638	-1.4187	-0.29174	-5.2552	-0.030514	-0.017832	-0.072619	-0.0034611	-0.00080991	-0.011164	0	0	0	-0.10604	0.0033177	0.068892	-0.0034611	-0.00080991	-0.011164
21.8	-17.61	18.785	-52.684	0	0	0	3.8128	0.056576	-0.90935	-0.37832	-1.5185	-0.28948	-5.1461	-0.030883	-0.017907	-0.073692	-0.0036923	-0.00074519	-0.010731	0	0	0	-0.099806	0.0022579	0.10916	-0.0036923	-0.00074519	-0.010731
21.9	-17.61	18.785	-52.684	0	0	0	3.8114	0.056633	-0.91448	-0.37003	-1.6109	-0.28821	-4.9979	-0.031274	-0.017975	-0.074709	-0.0039032	-0.00068349	-0.010172	0	0	0	-0.092413	0.0012719	0.14822	-0.0039032	-0.00068349	-0.010172
22	-17.61	18.785	-52.684	0	0	0	3.8099	0.056699	-0.91946	-0.36151	-1.6948	-0.28783	-4.8123	-0.031683	-0.018038	-0.075658	-0.0040902	-0.00062459	-0.0094897	0	0	0	-0.083949	0.00037458	0.18558	-0.0040902	-0.00062459	-0.0094897
22.1	-17.61	18.785	-52.684	0	0	0	3.8084	0.056773	-0.9243	-0.35277	-1.7694	-0.28825	-4.5915	-0.032108	-0.018094	-0.076527	-0.0042502	-0.00056825	-0.0086903	0	0	0	-0.074518	-0.00042022	0.22079	-0.0042502	-0.00056825	-0.0086903
22.2	-17.61	18.785	-52.684	0	0	0	3.807	0.056856	-0.929	-0.3438	-1.8336	-0.28935	-4.3381	-0.032546	-0.018146	-0.077305	-0.00438	-0.00051417	-0.0077805	0	0	0	-0.064232	-0.0011001	0.25343	-0.00438	-0.00051417	-0.0077805
22.3	-17.61	18.785	-52.684	0	0	0	3.8055	0.056947	-0.93356	-0.33462	-1.8868	-0.29101	-4.055	-0.032993	-0.018192	-0.077982	-0.0044769	-0.00046201	-0.0067684	0	0	0	-0.053216	-0.0016541	0.28309	-0.0044769	-0.00046201	-0.0067684
22.4	-17.61	18.785	-52.684	0	0	0	3.804	0.057045	-0.93796	-0.32522	-1.9284	-0.29308	-3.7456	-0.033447	-0.018233	-0.078548	-0.0045388	-0.0004114	-0.0056636	0	0	0	-0.041602	-0.002073	0.30941	-0.0045388	-0.0004114	-0.0056636
22.5	-17.61	18.785	-52.684	0	0	0	3.8025	0.057152	-0.94222	-0.31563	-1.9579	-0.29543	-3.4135	-0.033904	-0.018269	-0.078996	-0.0045637	-0.00036195	-0.0044764	0	0	0	-0.029531	-0.002349	0.33207	-0.0045637	-0.00036195	-0.0044764
22.6	-17.61	18.785	-52.684	0	0	0	3.8009	0.057266	-0.94634	-0.30584	-1.9751	-0.2979	-3.0627	-0.034359	-0.018301	-0.079318	-0.0045504	-0.00031324	-0.0032185	0	0	0	-0.017149	-0.0024764	0.3508	-0.0045504	-0.00031324	-0.0032185
22.7	-17.61	18.785	-52.684	0	0	0	3.7994	0.057388	-0.9503	-0.29585	-1.9797	-0.30036	-2.6973	-0.034808	-0.018327	-0.079508	-0.0044977	-0.00026481	-0.0019024	0	0	0	-0.0046052	-0.0024512	0.36537	-0.0044977	-0.00026481	-0.0019024
22.8	-17.61	18.785	-52.684	0	0	0	3.7979	0.057517	-0.95412	-0.28568	-1.9717	-0.30263	-2.3217	-0.035249	-0.018349	-0.079562	-0.0044053	-0.00021623	-0.00054106	0	0	0	0.0079478	-0.0022717	0.37559	-0.0044053	-0.00021623	-0.00054106
22.9	-17.61	18.785	-52.684	0	0	0	3.7963	0.057654	-0.95779	-0.27534	-1.9514	-0.30456	-1.9404	-0.035676	-0.018365	-0.079477	-0.0042731	-0.00016704	0.00085172	0	0	0	0.020359	-0.0019376	0.38136	-0.0042731	-0.00016704	0.00085172
23	-17.61	18.785	-52.684	0	0	0	3.7948	0.057798	-0.96131	-0.26482	-1.9189	-0.30602	-1.5578	-0.036086	-0.018377	-0.079251	-0.0041016	-0.00011677	0.0022619	0	0	0	0.032477	-0.0014511	0.38259	-0.0041016	-0.00011677	0.0022619
23.1	-17.61	18.785	-52.684	0	0	0	3.7933	0.057949	-0.96468	-0.25413	-1.8748	-0.30683	-1.1785	-0.036476	-0.018384	-0.078883	-0.0038918	-6.4975e-05	0.0036751	0	0	0	0.044157	-0.00081611	0.37928	-0.0038918	-6.4975e-05	0.0036751
23.2	-17.61	18.785	-52.684	0	0	0	3.7917	0.058107	-0.96789	-0.24329	-1.8195	-0.30687	-0.80703	-0.03684	-0.018385	-0.078375	-0.0036451	-1.1218e-05	0.0050771	0	0	0	0.055257	-3.8362e-05	0.37146	-0.0036451	-1.1218e-05	0.0050771
23.3	-17.61	18.785	-52.684	0	0	0	3.7902	0.058271	-0.97096	-0.2323	-1.7539	-0.306	-0.44779	-0.037176	-0.01838	-0.07773	-0.0033633	4.4922e-05	0.0064536	0	0	0	0.065643	0.00087444	0.35924	-0.0033633	4.4922e-05	0.0064536
23.4	-17.61	18.785	-52.684	0	0	0	3.7886	0.058443	-0.97387	-0.22115	-1.6787	-0.30408	-0.10502	-0.037481	-0.01837	-0.076951	-0.0030486	0.00010384	0.0077908	0	0	0	0.07519	0.0019129	0.34276	-0.0030486	0.00010384	0.0077908
23.5	-17.61	18.785	-52.684	0	0	0	3.7871	0.058621	-0.97664	-0.20988	-1.5949	-0.30102	0.21721	-0.037752	-0.018353	-0.076043	-0.0027039	0.00016591	0.0090751	0	0	0	0.083783	0.003066	0.32223	-0.0027039	0.00016591	0.0090751
23.6	-17.61	18.785	-52.684	0	0	0	3.7855	0.058806	-0.97925	-0.19847	-1.5036	-0.2967	0.51511	-0.037985	-0.01833	-0.075014	-0.002332	0.00023145	0.010294	0	0	0	0.091318	0.0043212	0.2979	-0.002332	0.00023145	0.010294
23.7	-17.61	18.785	-52.684	0	0	0	3.784	0.058996	-0.9817	-0.18693	-1.4059	-0.29103	0.78517	-0.038179	-0.0183	-0.073871	-0.0019363	0.00030076	0.011435	0	0	0	0.097706	0.0056647	0.27006	-0.0019363	0.00030076	0.011435
23.8	-17.61	18.785	-52.684	0	0	0	3.7824	0.059194	-0.98401	-0.17528	-1.303	-0.28395	1.0242	-0.038331	-0.018263	-0.072622	-0.0015205	0.00037409	0.012487	0	0	0	0.10287	0.0070815	0.23907	-0.0015205	0.00037409	0.012487
23.9	-17.61	18.785	-52.684	0	0	0	3.7809	0.059397	-0.98616	-0.16352	-1.1962	-0.27539	1.2295	-0.038439	-0.018217	-0.071278	-0.0010884	0.00045165	0.013441	0	0	0	0.10675	0.0085556	0.20529	-0.0010884	0.00045165	0.013441
24	-17.61	18.785	-52.684	0	0	0	3.7793	0.059606	-0.98815	-0.15166	-1.0869	-0.26532	1.3987	-0.038504	-0.018164	-0.069849	-0.00064416	0.00053357	0.014287	0	0	0	0.10929	0.01007	0.16915	-0.00064416	0.00053357	0.014287
24.1	-17.61	18.785	-52.684	0	0	0	3.7778	0.059822	-0.98999	-0.1397	-0.97646	-0.25372	1.5298	-0.038523	-0.018102	-0.068347	-0.00019189	0.00061997	0.015019	0	0	0	0.11048	0.011608	0.13109	-0.00019189	0.00061997	0.015019
24.2	-17.61	18.785	-52.684	0	0	0	3.7763	0.060043	-0.99168	-0.12766	-0.86617	-0.24057	1.6214	-0.038497	-0.018031	-0.066784	0.00026406	0.00071088	0.015629	0	0	0	0.11029	0.013151	0.091574	0.00026406	0.00071088	0.015629
24.3	-17.61	18.785	-52.684	0	0	0	3.7748	0.06027	-0.99321	-0.11553	-0.75743	-0.22588	1.6724	-0.038425	-0.01795	-0.065173	0.00071936	0.0008063	0.016114	0	0	0	0.10874	0.014681	0.051085	0.00071936	0.0008063	0.016114
24.4	-17.61	18.785	-52.684	0	0	0	3.7733	0.060503	-0.99459	-0.10334	-0.65159	-0.2097	1.6826	-0.038308	-0.01786	-0.063526	0.0011697	0.00090615	0.016469	0	0	0	0.10584	0.016181	0.01012	0.0011697	0.00090615	0.016469
24.5	-17.61	18.785	-52.684	0	0	0	3.7718	0.060741	-0.99581	-0.091074	-0.54997	-0.19207	1.6517	-0.038147	-0.017759	-0.061856	0.0016108	0.0010103	0.016695	0	0	0	0.10162	0.017633	-0.030817	0.0016108	0.0010103	0.016695
24.6	-17.61	18.785	-52.684	0	0	0	3.7703	0.060984	-0.99687	-0.078756	-0.45381	-0.17305	1.5805	-0.037943	-0.017647	-0.060177	0.0020385	0.0011186	0.01679	0	0	0	0.096154	0.01902	-0.071226	0.0020385	0.0011186	0.01679
24.7	-17.61	18.785	-52.684	0	0	0	3.7688	0.061233	-0.99778	-0.066389	-0.36432	-0.15272	1.4699	-0.037698	-0.017524	-0.058502	0.0024488	0.0012308	0.016756	0	0	0	0.089496	0.020326	-0.11061	0.0024488	0.0012308	0.016756
24.8	-17.61	18.785	-52.684	0	0	0	3.7673	0.061487	-0.99854	-0.05398	-0.28259	-0.13119	1.3214	-0.037414	-0.017389	-0.056842	0.002838	0.0013466	0.016596	0	0	0	0.081733	0.021534	-0.14849	0.002838	0.0013466	0.016596
24.9	-17.61	18.785	-52.684	0	0	0	3.7659	0.061747	-0.99914	-0.041537	-0.20962	-0.10856	1.137	-0.037094	-0.017243	-0.055211	0.0032026	0.0014657	0.016316	0	0	0	0.072962	0.022632	-0.1844	0.0032026	0.0014657	0.016316
25	-17.61	18.785	-52.684	0	0	0	3.7644	0.062011	-0.99958	-0.029069	-0.14633	-0.084954	0.91912	-0.03674	-0.017084	-0.053619	0.0035394	0.0015878	0.015921	0	0	0	0.063293	0.023605	-0.2179	0.0035394	0.0015878	0.015921
25.1	-17.61	18.785	-52.684	0	0	0	3.763	0.06228	-0.99986	-0.016582	-0.093485	-0.060513	0.67054	-0.036355	-0.016913	-0.052077	0.0038455	0.0017123	0.015418	0	0	0	0.052846	0.024441	-0.24858	0.0038455	0.0017123	0.015418
25.2	-17.61	18.785	-52.684	0	0	0	3.7616	0.062553	-0.99999	-0.0040852	-0.051735	-0.035381	0.39448	-0.035944	-0.016729	-0.050595	0.0041184	0.0018388	0.014817	0	0	0	0.04175	0.025132	-0.27606	0.0041184	0.0018388	0.014817
25.3	-17.61	18.785	-52.684	0	0	0	3.7602	0.062831	-0.99996	0.0084144	-0.021591	-0.0097126	0.094462	-0.035508	-0.016532	-0.049182	0.0043562	0.0019669	0.014127	0	0	0	0.030144	0.025668	-0.30001	0.0043562	0.0019669	0.014127
25.4	-17.61	18.785	-52.684	0	0	0	3.7588	0.063114	-0.99978	0.020909	-0.0034196	0.01633	-0.22568	-0.035052	-0.016322	-0.047846	0.0045571	0.002096	0.013359	0	0	0	0.018171	0.026043	-0.32014	0.0045571	0.002096	0.013359
25.5	-17.61	18.785	-52.684	0	0	0	3.7574	0.0634	-0.99944	0.03339	0.0025601	0.042582	-0.56188	-0.03458	-0.0161	-0.046594	0.0047199	0.0022257	0.012526	0	0	0	0.0059797	0.026252	-0.3362	0.0047199	0.0022257	0.012526
25.6	-17.61	18.785	-52.684	0	0	0	3.7561	0.063691	-0.99895	0.04585	-0.0037187	0.068874	-0.90986	-0.034096	-0.015864	-0.04543	0.004844	0.0023553	0.01164	0	0	0	-0.0062788	0.026292	-0.34798	0.004844	0.0023553	0.01164
25.7	-17.61	18.785	-52.684	0	0	0	3.7547	0.063986	-0.99829	0.058282	-0.022171	0.095036	-1.2652	-0.033603	-0.015616	-0.044358	0.0049292	0.0024843	0.010714	0	0	0	-0.018452	0.026162	-0.35536	0.0049292	0.0024843	0.010714
25.8	-17.61	18.785	-52.684	0	0	0	3.7534	0.064285	-0.99749	0.070678	-0.052561	0.1209	-1.6235	-0.033105	-0.015355	-0.043382	0.0049755	0.0026121	0.0097624	0	0	0	-0.03039	0.025864	-0.35824	0.0049755	0.0026121	0.0097624
25.9	-17.61	18.785	-52.684	0	0	0	3.7521	0.064587	-0.99652	0.083029	-0.094506	0.1463	-1.98	-0.032607	-0.015081	-0.042502	0.0049838	0.0027382	0.0087989	0	0	0	-0.041944	0.0254	-0.35657	0.0049838	0.0027382	0.0087989
26	-17.61	18.785	-52.684	0	0	0	3.7509	0.064892	-0.9954	0.095328	-0.14748	0.17108	-2.3304	-0.032111	-0.014795	-0.041719	0.0049553	0.0028621	0.0078378	0	0	0	-0.052971	0.024777	-0.3504	0.0049553	0.0028621	0.0078378
26.1	-17.61	18.785	-52.684	0	0	0	3.7496	0.065201	-0.99413	0.10757	-0.21081	0.19508	-2.6702	-0.031622	-0.014496	-0.041029	0.0048914	0.0029832	0.0068933	0	0	0	-0.063334	0.023999	-0.33978	0.0048914	0.0029832	0.0068933
26.2	-17.61	18.785	-52.684	0	0	0	3.7484	0.065512	-0.9927	0.11974	-0.28372	0.21815	-2.9951	-0.031143	-0.014186	-0.040431	0.0047944	0.003101	0.0059791	0	0	0	-0.072905	0.023077	-0.32485	0.0047944	0.003101	0.0059791
26.3	-17.61	18.785	-52.684	0	0	0	3.7472	0.065827	-0.99111	0.13184	-0.36528	0.24017	-3.3009	-0.030676	-0.013865	-0.03992	0.0046666	0.003215	0.0051088	0	0	0	-0.081563	0.022021	-0.3058	0.0046666	0.003215	0.0051088
26.4	-17.61	18.785	-52.684	0	0	0	3.7461	0.066144	-0.98937	0.14385	-0.45448	0.26102	-3.5837	-0.030225	-0.013532	-0.039491	0.0045109	0.0033248	0.0042952	0	0	0	-0.089202	0.020842	-0.28286	0.0045109	0.0033248	0.0042952
26.5	-17.61	18.785	-52.684	0	0	0	3.7449	0.066463	-0.98748	0.15578	-0.55021	0.28057	-3.84	-0.029792	-0.013189	-0.039136	0.0043304	0.00343	0.0035505	0	0	0	-0.095726	0.019553	-0.2563	0.0043304	0.00343	0.0035505
26.6	-17.61	18.785	-52.684	0	0	0	3.7438	0.066785	-0.98543	0.16761	-0.65126	0.29874	-4.0665	-0.029379	-0.012836	-0.038847	0.0041287	0.0035302	0.002886	0	0	0	-0.10105	0.018171	-0.22647	0.0041287	0.0035302	0.002886
26.7	-17.61	18.785	-52.684	0	0	0	3.7427	0.067109	-0.98323	0.17933	-0.75638	0.31545	-4.2602	-0.028988	-0.012474	-0.038616	0.0039093	0.0036251	0.0023118	0	0	0	-0.10512	0.016709	-0.19371	0.0039093	0.0036251	0.0023118
26.8	-17.61	18.785	-52.684	0	0	0	3.7416	0.067434	-0.98087	0.19094	-0.86424	0.33063	-4.4186	-0.028621	-0.012102	-0.038432	0.0036764	0.0037144	0.0018373	0	0	0	-0.10786	0.015185	-0.15844	0.0036764	0.0037144	0.0018373
26.9	-17.61	18.785	-52.684	0	0	0	3.7406	0.067761	-0.97836	0.20243	-0.9735	0.34425	-4.5397	-0.028277	-0.011722	-0.038285	0.0034339	0.0037979	0.00147	0	0	0	-0.10926	0.013616	-0.12109	0.0034339	0.0037979	0.00147
27	-17.61	18.785	-52.684	0	0	0	3.7396	0.068089	-0.9757	0.2138	-1.0828	0.35627	-4.6218	-0.027959	-0.011335	-0.038164	0.0031861	0.0038754	0.0012167	0	0	0	-0.10929	0.012019	-0.082105	0.0031861	0.0038754	0.0012167
27.1	-17.61	18.785	-52.684	0	0	0	3.7386	0.068418	-0.97288	0.22503	-1.1907	0.36668	-4.6638	-0.027665	-0.01094	-0.038055	0.0029372	0.0039469	0.0010822	0	0	0	-0.10794	0.010413	-0.041978	0.0029372	0.0039469	0.0010822
27.2	-17.61	18.785	-52.684	0	0	0	3.7377	0.068748	-0.96991	0.23612	-1.296	0.3755	-4.665	-0.027396	-0.010539	-0.037948	0.0026916	0.0040122	0.0010702	0	0	0	-0.10524	0.0088149	-0.0011969	0.0026916	0.0040122	0.0010702
27.3	-17.61	18.785	-52.684	0	0	0	3.7368	0.069079	-0.9668	0.24706	-1.3972	0.38274	-4.6253	-0.02715	-0.010132	-0.03783	0.0024534	0.0040714	0.0011827	0	0	0	-0.10121	0.0072429	0.039739	0.0024534	0.0040714	0.0011827
27.4	-17.61	18.785	-52.684	0	0	0	3.7359	0.06941	-0.96353	0.25785	-1.4931	0.38845	-4.5449	-0.026928	-0.0097194	-0.037688	0.0022267	0.0041246	0.00142	0	0	0	-0.095903	0.0057142	0.080326	0.0022267	0.0041246	0.00142
27.5	-17.61	18.785	-52.684	0	0	0	3.735	0.069741	-0.96011	0.26848	-1.5825	0.3927	-4.4249	-0.026726	-0.0093022	-0.03751	0.0020157	0.0041718	0.0017811	0	0	0	-0.089379	0.0042458	0.12007	0.0020157	0.0041718	0.0017811
27.6	-17.61	18.785	-52.684	0	0	0	3.7342	0.070072	-0.95654	0.27894	-1.6642	0.39555	-4.2664	-0.026544	-0.0088809	-0.037284	0.001824	0.0042133	0.0022633	0	0	0	-0.081718	0.0028533	0.15847	0.001824	0.0042133	0.0022633
27.7	-17.61	18.785	-52.684	0	0	0	3.7334	0.070403	-0.95282	0.28923	-1.7372	0.39711	-4.0713	-0.026378	-0.008456	-0.036998	0.0016551	0.0042492	0.0028624	0	0	0	-0.073011	0.0015519	0.19508	0.0016551	0.0042492	0.0028624
27.8	-17.61	18.785	-52.684	0	0	0	3.7327	0.070733	-0.94895	0.29933	-1.8006	0.39746	-3.8419	-0.026227	-0.008028	-0.03664	0.0015124	0.0042798	0.0035725	0	0	0	-0.063362	0.00035515	0.22942	0.0015124	0.0042798	0.0035725
27.9	-17.61	18.785	-52.684	0	0	0	3.732	0.071063	-0.94493	0.30925	-1.8534	0.39674	-3.5808	-0.026087	-0.0075974	-0.036202	0.0013988	0.0043055	0.0043866	0	0	0	-0.05289	-0.00072455	0.26109	0.0013988	0.0043055	0.0043866
28	-17.61	18.785	-52.684	0	0	0	3.7313	0.071391	-0.94077	0.31897	-1.8952	0.39506	-3.2911	-0.025955	-0.0071648	-0.035672	0.0013168	0.0043265	0.0052964	0	0	0	-0.041718	-0.0016764	0.28969	0.0013168	0.0043265	0.0052964
28.1	-17.61	18.785	-52.684	0	0	0	3.7307	0.071719	-0.93645	0.3285	-1.9251	0.39257	-2.9762	-0.025829	-0.0067305	-0.035043	0.0012686	0.0043433	0.006292	0	0	0	-0.029984	-0.002491	0.31488	0.0012686	0.0043433	0.006292
28.2	-17.61	18.785	-52.684	0	0	0	3.7301	0.072045	-0.932	0.33782	-1.943	0.38941	-2.6399	-0.025703	-0.0062948	-0.034306	0.0012558	0.0043563	0.0073627	0	0	0	-0.017828	-0.0031612	0.33634	0.0012558	0.0043563	0.0073627
28.3	-17.61	18.785	-52.684	0	0	0	3.7295	0.07237	-0.92739	0.34693	-1.9484	0.38573	-2.2861	-0.025575	-0.0058582	-0.033457	0.0012799	0.0043659	0.0084969	0	0	0	-0.0053968	-0.0036811	0.35381	0.0012799	0.0043659	0.0084969
28.4	-17.61	18.785	-52.684	0	0	0	3.729	0.072693	-0.92264	0.35582	-1.9412	0.38168	-1.919	-0.025441	-0.005421	-0.032489	0.0013417	0.0043725	0.009682	0	0	0	0.0071581	-0.0040472	0.36707	0.0013417	0.0043725	0.009682
28.5	-17.61	18.785	-52.684	0	0	0	3.7286	0.073014	-0.91775	0.36449	-1.9215	0.37742	-1.5431	-0.025297	-0.0049833	-0.031398	0.0014414	0.0043767	0.010905	0	0	0	0.019685	-0.0042575	0.37596	0.0014414	0.0043767	0.010905
28.6	-17.61	18.785	-52.684	0	0	0	3.7281	0.073333	-0.91271	0.37293	-1.8895	0.37311	-1.1627	-0.025139	-0.0045454	-0.030183	0.0015791	0.004379	0.012151	0	0	0	0.032033	-0.0043125	0.38037	0.0015791	0.004379	0.012151
28.7	-17.61	18.785	-52.684	0	0	0	3.7277	0.073649	-0.90754	0.38114	-1.8454	0.3689	-0.78246	-0.024963	-0.0041075	-0.028842	0.001754	0.0043797	0.013407	0	0	0	0.044052	-0.0042142	0.38024	0.001754	0.0043797	0.013407
28.8	-17.61	18.785	-52.684	0	0	0	3.7274	0.073964	-0.90222	0.38911	-1.7898	0.36493	-0.40689	-0.024767	-0.0036695	-0.027376	0.0019652	0.0043793	0.014659	0	0	0	0.055597	-0.0039667	0.37557	0.0019652	0.0043793	0.014659
28.9	-17.61	18.785	-52.684	0	0	0	3.7271	0.074276	-0.89675	0.39684	-1.7233	0.36135	-0.04046	-0.024546	-0.0032317	-0.025787	0.0022111	0.0043784	0.015892	0	0	0	0.066529	-0.0035761	0.36643	0.0022111	0.0043784	0.015892
29	-17.61	18.785	-52.684	0	0	0	3.7268	0.074585	-0.89115	0.40432	-1.6466	0.3583	0.31245	-0.024297	-0.0027939	-0.024078	0.0024898	0.0043774	0.017092	0	0	0	0.076715	-0.0030502	0.35291	0.0024898	0.0043774	0.017092
29.1	-17.61	18.785	-52.684	0	0	0	3.7266	0.074892	-0.88541	0.41155	-1.5606	0.3559	0.64763	-0.024017	-0.0023563	-0.022253	0.0027989	0.0043766	0.018246	0	0	0	0.086031	-0.0023985	0.33518	0.0027989	0.0043766	0.018246
29.2	-17.61	18.785	-52.684	0	0	0	3.7264	0.075196	-0.87953	0.41852	-1.4662	0.35427	0.96109	-0.023703	-0.0019186	-0.020319	0.0031357	0.0043765	0.01934	0	0	0	0.094367	-0.0016322	0.31346	0.0031357	0.0043765	0.01934
29.3	-17.61	18.785	-52.684	0	0	0	3.7262	0.075496	-0.87352	0.42522	-1.3646	0.35351	1.2491	-0.023354	-0.0014809	-0.018283	0.003497	0.0043773	0.020361	0	0	0	0.10162	-0.00076371	0.28802	0.003497	0.0043773	0.020361
29.4	-17.61	18.785	-52.684	0	0	0	3.7262	0.075794	-0.86736	0.43167	-1.2569	0.3537	1.5083	-0.022966	-0.001043	-0.016153	0.0038794	0.0043795	0.021298	0	0	0	0.10771	0.00019295	0.25916	0.0038794	0.0043795	0.021298
29.5	-17.61	18.785	-52.684	0	0	0	3.7261	0.076089	-0.86107	0.43784	-1.1443	0.35492	1.7355	-0.022538	-0.00060462	-0.013939	0.0042792	0.0043833	0.022141	0	0	0	0.11255	0.0012228	0.22723	0.0042792	0.0043833	0.022141
29.6	-17.61	18.785	-52.684	0	0	0	3.7261	0.07638	-0.85465	0.44374	-1.0282	0.35723	1.9281	-0.022068	-0.00016573	-0.011651	0.0046926	0.0043889	0.022879	0	0	0	0.1161	0.0023099	0.19262	0.0046926	0.0043889	0.022879
29.7	-17.61	18.785	-52.684	0	0	0	3.7261	0.076668	-0.84809	0.44936	-0.90992	0.36067	2.0839	-0.021557	0.00027392	-0.0093011	0.0051154	0.0043965	0.023504	0	0	0	0.1183	0.0034375	0.15576	0.0051154	0.0043965	0.023504
29.8	-17.61	18.785	-52.684	0	0	0	3.7262	0.076953	-0.84141	0.4547	-0.79078	0.36526	2.201	-0.021003	0.00071453	-0.0069002	0.0055434	0.0044062	0.024009	0	0	0	0.11914	0.0045884	0.11709	0.0055434	0.0044062	0.024009
29.9	-17.61	18.785	-52.684	0	0	0	3.7264	0.077234	-0.83459	0.45976	-0.67217	0.371	2.278	-0.020405	0.0011563	-0.0044614	0.0059722	0.004418	0.024388	0	0	0	0.11861	0.005745	0.077084	0.0059722	0.004418	0.024388
30	-17.61	18.785	-52.684	0	0	0	3.7265	0.077512	-0.82763	0.46452	-0.55547	0.37789	2.3143	-0.019766	0.0015995	-0.0019976	0.0063976	0.0044321	0.024638	0	0	0	0.1167	0.0068897	0.036234	0.0063976	0.0044321	0.024638
